   -1000.0   1.3881863115E-004
    -500.0   1.9267492370E-004
    -400.0   2.1917453019E-004
    -300.0   2.6123502912E-004
    -280.0   2.7050737404E-004
    -260.0   2.8124429535E-004
    -240.0   2.9006707749E-004
    -220.0   2.9787114195E-004
    -200.0   3.0348035418E-004
    -180.0   2.9627861912E-004
    -160.0   2.9809655273E-004
    -140.0   3.0418094398E-004
    -120.0   3.1071358115E-004
    -100.0   3.1669974550E-004
     -80.0   3.2111945057E-004
     -60.0   3.2772602506E-004
     -50.0   3.2792085765E-004
     -40.0   3.2925553218E-004
     -30.0   3.2799433784E-004
     -20.0   3.1696495570E-004
     -10.0   2.8165242179E-004
       0.0   2.8037985028E-004
      10.0   2.9838471986E-004
      20.0   3.0973496438E-004
      30.0   3.0936077745E-004
      40.0   3.0993312425E-004
      50.0   3.0970314756E-004
      60.0   3.1115517397E-004
      80.0   3.0759647841E-004
     100.0   3.0420875221E-004
     120.0   3.0350174097E-004
     140.0   2.9836735706E-004
     160.0   2.9385412450E-004
     180.0   2.8994728566E-004
     200.0   2.8617076506E-004
     220.0   2.8065740763E-004
     240.0   2.7549448112E-004
     260.0   2.6589136533E-004
     280.0   2.6045034662E-004
     300.0   2.5231554094E-004
     400.0   2.1882449061E-004
     500.0   1.9232759221E-004
    1000.0   1.3817946591E-004
