   -1000.0   3.4275108919E-004
    -500.0   4.5708975440E-004
    -400.0   4.8785313353E-004
    -300.0   5.4239809247E-004
    -280.0   5.5876028162E-004
    -260.0   5.7481674121E-004
    -240.0   5.8236931477E-004
    -220.0   5.8598441954E-004
    -200.0   5.9242693502E-004
    -180.0   6.0400320381E-004
    -160.0   6.1581861479E-004
    -140.0   6.2740123126E-004
    -120.0   6.2630883822E-004
    -100.0   5.7912070659E-004
     -80.0   5.4936818820E-004
     -60.0   5.5587212536E-004
     -50.0   5.4564376188E-004
     -40.0   5.1893072744E-004
     -30.0   4.8632999829E-004
     -20.0   4.8722571111E-004
     -10.0   5.5644120191E-004
       0.0   5.8958476426E-004
      10.0   6.0303514533E-004
      20.0   6.0749813777E-004
      30.0   6.0589254211E-004
      40.0   6.0574357112E-004
      50.0   6.0990435376E-004
      60.0   6.0683223531E-004
      80.0   5.9663883053E-004
     100.0   5.8991588148E-004
     120.0   5.7975392589E-004
     140.0   5.7036492275E-004
     160.0   5.5694207698E-004
     180.0   5.4892289904E-004
     200.0   5.4103402936E-004
     220.0   5.4199379068E-004
     240.0   5.3771553052E-004
     260.0   5.4142717709E-004
     280.0   5.4303441417E-004
     300.0   5.4349071832E-004
     400.0   5.2139485964E-004
     500.0   4.7952268022E-004
    1000.0   3.4460398760E-004
