   -1000.0   6.3746984400E-004
    -500.0   7.0885726029E-004
    -400.0   7.3090280831E-004
    -300.0   7.7922603411E-004
    -280.0   7.8436784152E-004
    -260.0   7.9181682452E-004
    -240.0   7.9709055671E-004
    -220.0   8.0117633563E-004
    -200.0   8.0518039307E-004
    -180.0   8.1134516129E-004
    -160.0   8.1679264256E-004
    -140.0   8.1970633202E-004
    -120.0   8.0905121724E-004
    -100.0   7.4277942737E-004
     -80.0   6.9458195432E-004
     -60.0   6.9078459451E-004
     -50.0   6.7258938091E-004
     -40.0   6.2006460130E-004
     -30.0   5.8588810673E-004
     -20.0   5.8833853419E-004
     -10.0   6.3919912201E-004
       0.0   7.3505429213E-004
      10.0   7.5426637903E-004
      20.0   7.6403608564E-004
      30.0   7.6737128058E-004
      40.0   7.7142411792E-004
      50.0   7.8067890829E-004
      60.0   7.8157131156E-004
      80.0   7.7811248574E-004
     100.0   7.8125848920E-004
     120.0   7.7917846284E-004
     140.0   7.7844128097E-004
     160.0   7.7621329517E-004
     180.0   7.6433873758E-004
     200.0   7.5090206567E-004
     220.0   7.3531980926E-004
     240.0   7.2738982044E-004
     260.0   7.2786609450E-004
     280.0   7.2679314717E-004
     300.0   7.2099759799E-004
     400.0   7.2952077134E-004
     500.0   7.3086999374E-004
    1000.0   6.5019292450E-004
