   -1000.0   7.5154901168E-005
    -500.0   1.1814766534E-004
    -400.0   1.4506137293E-004
    -300.0   1.8765375381E-004
    -280.0   2.0249077418E-004
    -260.0   2.1811903625E-004
    -240.0   2.3473193931E-004
    -220.0   2.5254242069E-004
    -200.0   2.7010343670E-004
    -180.0   2.8761158513E-004
    -160.0   3.0292850618E-004
    -140.0   3.0162312986E-004
    -120.0   2.9776275615E-004
    -100.0   3.1526558528E-004
     -80.0   3.2837251120E-004
     -60.0   3.4082882365E-004
     -50.0   3.4470807032E-004
     -40.0   3.4946242225E-004
     -30.0   3.4862828844E-004
     -20.0   3.3668580861E-004
     -10.0   3.2984066542E-004
       0.0   3.4346641425E-004
      10.0   3.5056707183E-004
      20.0   3.4220257045E-004
      30.0   3.3328730036E-004
      40.0   3.2494002339E-004
      50.0   3.1901738141E-004
      60.0   3.1352322932E-004
      80.0   3.0780925782E-004
     100.0   3.0556595623E-004
     120.0   3.0074376994E-004
     140.0   2.9310438583E-004
     160.0   2.8470074738E-004
     180.0   2.7388098919E-004
     200.0   2.6035604423E-004
     220.0   2.4524160943E-004
     240.0   2.3046025069E-004
     260.0   2.1530550302E-004
     280.0   2.0136388517E-004
     300.0   1.8619679200E-004
     400.0   1.3768486848E-004
     500.0   1.1300324537E-004
    1000.0   7.5120903199E-005
