   -1000.0   5.0114231949E-004
    -500.0   5.9427157800E-004
    -400.0   6.2593745452E-004
    -300.0   6.8122062099E-004
    -280.0   6.8421239448E-004
    -260.0   6.8759311137E-004
    -240.0   6.9466531263E-004
    -220.0   7.0216448848E-004
    -200.0   7.0889692732E-004
    -180.0   7.1857648420E-004
    -160.0   7.2685105627E-004
    -140.0   7.3377886521E-004
    -120.0   7.2691660195E-004
    -100.0   6.6864963888E-004
     -80.0   6.2709713472E-004
     -60.0   6.2820330313E-004
     -50.0   6.1317617378E-004
     -40.0   5.7002099756E-004
     -30.0   5.3962518087E-004
     -20.0   5.4142864195E-004
     -10.0   6.0091339611E-004
       0.0   6.6710825677E-004
      10.0   6.8383003990E-004
      20.0   6.9262779473E-004
      30.0   6.9295551521E-004
      40.0   6.9687611581E-004
      50.0   7.0334408825E-004
      60.0   7.0328170714E-004
      80.0   6.9595750244E-004
     100.0   6.9594289664E-004
     120.0   6.9013364072E-004
     140.0   6.8586729598E-004
     160.0   6.7842402197E-004
     180.0   6.6061469724E-004
     200.0   6.4677535255E-004
     220.0   6.3117955153E-004
     240.0   6.3255397909E-004
     260.0   6.3594131724E-004
     280.0   6.4249191730E-004
     300.0   6.4038911164E-004
     400.0   6.4251287956E-004
     500.0   6.2676871678E-004
    1000.0   5.0941264331E-004
