   -1000.0   2.7600824734E-004
    -500.0   3.1161086707E-004
    -400.0   3.2231818060E-004
    -300.0   3.4083256605E-004
    -280.0   3.4560263473E-004
    -260.0   3.4897055542E-004
    -240.0   3.4667979122E-004
    -220.0   3.4330169049E-004
    -200.0   3.3903742566E-004
    -180.0   3.3917076421E-004
    -160.0   3.4048226615E-004
    -140.0   3.4224346607E-004
    -120.0   3.4324256416E-004
    -100.0   3.4367028429E-004
     -80.0   3.4524733103E-004
     -60.0   3.4549208515E-004
     -50.0   3.4535257237E-004
     -40.0   3.4453616856E-004
     -30.0   3.4167930156E-004
     -20.0   3.2418834109E-004
     -10.0   2.6860617821E-004
       0.0   2.4304073402E-004
      10.0   2.3409086313E-004
      20.0   2.5740305892E-004
      30.0   2.7796819796E-004
      40.0   2.9256205678E-004
      50.0   3.0031659146E-004
      60.0   3.0958669841E-004
      80.0   3.1778466256E-004
     100.0   3.2432565740E-004
     120.0   3.2725517056E-004
     140.0   3.3128941655E-004
     160.0   3.3275055360E-004
     180.0   3.3501987281E-004
     200.0   3.3835893026E-004
     220.0   3.4134549061E-004
     240.0   3.4317603473E-004
     260.0   3.4386925010E-004
     280.0   3.4512495168E-004
     300.0   3.4609765117E-004
     400.0   3.3558797087E-004
     500.0   3.1545522583E-004
    1000.0   2.7820064477E-004
