   -1000.0   4.3660915348E-005
    -500.0   4.3755420880E-005
    -400.0   4.3791431240E-005
    -300.0   4.3862477682E-005
    -280.0   4.3887371600E-005
    -260.0   4.3919542626E-005
    -240.0   4.3962592126E-005
    -220.0   4.4022747416E-005
    -200.0   4.4111622686E-005
    -180.0   4.4253414509E-005
    -160.0   4.4508060723E-005
    -140.0   4.5093901092E-005
    -120.0   4.6688100489E-005
    -100.0   4.8446514553E-005
     -80.0   5.0518941416E-005
     -60.0   5.2727167946E-005
     -50.0   5.4113001981E-005
     -40.0   5.4538328754E-005
     -30.0   5.4413669157E-005
     -20.0   5.4056160094E-005
     -10.0   5.3441410611E-005
       0.0   5.2290047837E-005
      10.0   4.9995035822E-005
      20.0   4.7897514127E-005
      30.0   4.6862790654E-005
      40.0   4.5873983198E-005
      50.0   4.4843705553E-005
      60.0   4.3162419195E-005
      80.0   4.0606901322E-005
     100.0   3.8850849321E-005
     120.0   3.8144713017E-005
     140.0   3.7527926843E-005
     160.0   3.7256922871E-005
     180.0   3.6944695047E-005
     200.0   3.6369105713E-005
     220.0   3.4915813066E-005
     240.0   3.5937145864E-005
     260.0   3.7925076104E-005
     280.0   4.1166873283E-005
     300.0   4.3075244137E-005
     400.0   4.3748244450E-005
     500.0   4.3833702003E-005
    1000.0   4.3938335249E-005
