   -1000.0   1.6075883246E-004
    -500.0   1.9812538439E-004
    -400.0   2.1676826143E-004
    -300.0   2.3822538193E-004
    -280.0   2.4194077904E-004
    -260.0   2.4583574147E-004
    -240.0   2.4871442708E-004
    -220.0   2.5050379369E-004
    -200.0   2.5389831426E-004
    -180.0   2.5650456534E-004
    -160.0   2.6079432764E-004
    -140.0   2.6308371898E-004
    -120.0   2.6572666069E-004
    -100.0   2.6654704156E-004
     -80.0   2.6909069290E-004
     -60.0   2.7143121837E-004
     -50.0   2.7214396803E-004
     -40.0   2.7267822023E-004
     -30.0   2.7276566457E-004
     -20.0   2.6583589397E-004
     -10.0   2.3833863555E-004
       0.0   2.0425961074E-004
      10.0   2.0286685894E-004
      20.0   2.2056454387E-004
      30.0   2.2951843414E-004
      40.0   2.3334264057E-004
      50.0   2.3912737658E-004
      60.0   2.4491725845E-004
      80.0   2.4909830982E-004
     100.0   2.5357647822E-004
     120.0   2.5538553314E-004
     140.0   2.5718374681E-004
     160.0   2.5866017102E-004
     180.0   2.5872371540E-004
     200.0   2.5972606091E-004
     220.0   2.5970860627E-004
     240.0   2.5897945030E-004
     260.0   2.5600491796E-004
     280.0   2.5257339933E-004
     300.0   2.4777628490E-004
     400.0   2.2296448545E-004
     500.0   2.0082800526E-004
    1000.0   1.6087054710E-004
