   -1000.0   5.5769000925E-004
    -500.0   7.0247582524E-004
    -400.0   6.9523017245E-004
    -300.0   7.3495151973E-004
    -280.0   7.4412287124E-004
    -260.0   7.5693948076E-004
    -240.0   7.6764543207E-004
    -220.0   7.7864794553E-004
    -200.0   7.8922685668E-004
    -180.0   7.9961146329E-004
    -160.0   8.0898976189E-004
    -140.0   8.1538991682E-004
    -120.0   8.2153852097E-004
    -100.0   8.2673960528E-004
     -80.0   7.3112340914E-004
     -60.0   5.8194339225E-004
     -50.0   5.3264118034E-004
     -40.0   5.2999082049E-004
     -30.0   5.6445818948E-004
     -20.0   6.8001218653E-004
     -10.0   7.3751843701E-004
       0.0   7.4904106626E-004
      10.0   7.6221215086E-004
      20.0   7.7025594883E-004
      30.0   7.6620729212E-004
      40.0   7.6593615817E-004
      50.0   7.6927893080E-004
      60.0   7.7027031916E-004
      80.0   7.6892502818E-004
     100.0   7.7450250007E-004
     120.0   7.6471136305E-004
     140.0   7.5665289147E-004
     160.0   7.4782930536E-004
     180.0   7.3479087948E-004
     200.0   7.2122181288E-004
     220.0   7.1974000850E-004
     240.0   7.1257717484E-004
     260.0   7.0887432679E-004
     280.0   7.1186143147E-004
     300.0   7.1402792132E-004
     400.0   7.1814742253E-004
     500.0   6.9517196453E-004
    1000.0   5.6099968922E-004
