   -1000.0   6.6786576095E-005
    -500.0   1.0359745444E-004
    -400.0   1.2554826319E-004
    -300.0   1.5895183674E-004
    -280.0   1.6713661561E-004
    -260.0   1.7652351135E-004
    -240.0   1.8747698794E-004
    -220.0   1.9850171813E-004
    -200.0   2.0932138749E-004
    -180.0   2.0996106259E-004
    -160.0   2.1888476542E-004
    -140.0   2.3097862858E-004
    -120.0   2.3967844164E-004
    -100.0   2.4904157459E-004
     -80.0   2.5466043941E-004
     -60.0   2.5663188520E-004
     -50.0   2.6126537130E-004
     -40.0   2.6523791591E-004
     -30.0   2.6943045063E-004
     -20.0   2.6600611200E-004
     -10.0   2.5372756473E-004
       0.0   2.4871004416E-004
      10.0   2.5722095518E-004
      20.0   2.5721953162E-004
      30.0   2.5037073301E-004
      40.0   2.4674330351E-004
      50.0   2.4645639831E-004
      60.0   2.4420861116E-004
      80.0   2.4044443266E-004
     100.0   2.3511344671E-004
     120.0   2.3064449918E-004
     140.0   2.2143769852E-004
     160.0   2.1132724557E-004
     180.0   2.0358193986E-004
     200.0   1.9245141169E-004
     220.0   1.8304954417E-004
     240.0   1.7268179723E-004
     260.0   1.6249671499E-004
     280.0   1.5510784362E-004
     300.0   1.4678425490E-004
     400.0   1.1233842832E-004
     500.0   9.3997724405E-005
    1000.0   6.5979878086E-005
