   -1000.0   3.6507441255E-004
    -500.0   5.0399730389E-004
    -400.0   5.5574725693E-004
    -300.0   5.9621034618E-004
    -280.0   6.1103896340E-004
    -260.0   6.1927288692E-004
    -240.0   6.2791582369E-004
    -220.0   6.4218279606E-004
    -200.0   6.5563808986E-004
    -180.0   6.7018698465E-004
    -160.0   6.8658298810E-004
    -140.0   6.9931044294E-004
    -120.0   7.1176526918E-004
    -100.0   7.2003248383E-004
     -80.0   6.4298522424E-004
     -60.0   5.1822860744E-004
     -50.0   4.8234788772E-004
     -40.0   4.7565128969E-004
     -30.0   5.1308999207E-004
     -20.0   6.1778533569E-004
     -10.0   6.5136602313E-004
       0.0   6.6122545233E-004
      10.0   6.7183090564E-004
      20.0   6.7633594616E-004
      30.0   6.6934270420E-004
      40.0   6.6596435684E-004
      50.0   6.6580768068E-004
      60.0   6.6395997346E-004
      80.0   6.5919365396E-004
     100.0   6.5338587172E-004
     120.0   6.3944714309E-004
     140.0   6.2921212560E-004
     160.0   6.1873772741E-004
     180.0   6.0980472250E-004
     200.0   6.0453946332E-004
     220.0   6.0123289974E-004
     240.0   6.0578467845E-004
     260.0   6.0124591968E-004
     280.0   6.0253608235E-004
     300.0   6.0134813817E-004
     400.0   5.7157432071E-004
     500.0   5.2463260776E-004
    1000.0   3.6727824408E-004
