   -1000.0   3.6499571576E-005
    -500.0   3.8265982271E-005
    -400.0   3.9859816862E-005
    -300.0   4.4468922671E-005
    -280.0   4.6178471015E-005
    -260.0   4.8793883679E-005
    -240.0   5.1684123075E-005
    -220.0   5.4344543972E-005
    -200.0   5.7400568940E-005
    -180.0   6.0709487346E-005
    -160.0   6.3637754815E-005
    -140.0   6.7504995592E-005
    -120.0   7.1341385814E-005
    -100.0   7.5216129506E-005
     -80.0   7.9083526045E-005
     -60.0   8.2587238984E-005
     -50.0   8.4058540265E-005
     -40.0   8.4218454631E-005
     -30.0   8.0886770270E-005
     -20.0   7.5215907545E-005
     -10.0   7.7869981432E-005
       0.0   8.0508551112E-005
      10.0   8.1914797674E-005
      20.0   8.3292981049E-005
      30.0   8.5250906973E-005
      40.0   8.4952347425E-005
      50.0   8.4348468633E-005
      60.0   8.1323532280E-005
      80.0   7.4571426391E-005
     100.0   6.7398598135E-005
     120.0   6.0054839884E-005
     140.0   5.3389479779E-005
     160.0   4.8417110268E-005
     180.0   4.4630435455E-005
     200.0   4.1772268013E-005
     220.0   3.9344488672E-005
     240.0   3.7325350868E-005
     260.0   3.5794946768E-005
     280.0   3.4833703694E-005
     300.0   3.4235901209E-005
     400.0   3.6651676275E-005
     500.0   3.7054573261E-005
    1000.0   3.6657821841E-005
