   -1000.0   8.4449562818E-005
    -500.0   1.3080135600E-004
    -400.0   1.6236424036E-004
    -300.0   2.1463848761E-004
    -280.0   2.3015057823E-004
    -260.0   2.4727145117E-004
    -240.0   2.6655696384E-004
    -220.0   2.8816975062E-004
    -200.0   3.1084780350E-004
    -180.0   3.3351868090E-004
    -160.0   3.5640199470E-004
    -140.0   3.7616525941E-004
    -120.0   3.9168617659E-004
    -100.0   3.7149799184E-004
     -80.0   3.7516389762E-004
     -60.0   3.9666256900E-004
     -50.0   4.0424759444E-004
     -40.0   4.0280726835E-004
     -30.0   3.8491421890E-004
     -20.0   3.9556255426E-004
     -10.0   4.2153422858E-004
       0.0   4.2899847456E-004
      10.0   4.2554186663E-004
      20.0   4.0562567391E-004
      30.0   3.9536227667E-004
      40.0   3.8387093486E-004
      50.0   3.7221022251E-004
      60.0   3.6556665350E-004
      80.0   3.6351019403E-004
     100.0   3.5841016559E-004
     120.0   3.5260421296E-004
     140.0   3.4498298269E-004
     160.0   3.3488250999E-004
     180.0   3.2286264792E-004
     200.0   3.0544100937E-004
     220.0   2.8477992296E-004
     240.0   2.6468815773E-004
     260.0   2.4549484310E-004
     280.0   2.2606660059E-004
     300.0   2.0890331226E-004
     400.0   1.5599844601E-004
     500.0   1.2767254095E-004
    1000.0   8.4747852862E-005
