   -1000.0   1.6517461233E-004
    -500.0   2.3651600903E-004
    -400.0   2.7732213578E-004
    -300.0   3.3779114997E-004
    -280.0   3.5073165361E-004
    -260.0   3.6195075898E-004
    -240.0   3.7492511212E-004
    -220.0   3.8597899606E-004
    -200.0   3.9707774888E-004
    -180.0   4.0729508630E-004
    -160.0   4.1591318367E-004
    -140.0   3.9860051062E-004
    -120.0   3.8515673156E-004
    -100.0   4.0124402671E-004
     -80.0   4.1517534375E-004
     -60.0   4.2176485946E-004
     -50.0   4.2190322993E-004
     -40.0   4.1912107479E-004
     -30.0   4.0976533543E-004
     -20.0   3.7483328298E-004
     -10.0   3.7354727478E-004
       0.0   4.0332020643E-004
      10.0   4.1965819544E-004
      20.0   4.2402377006E-004
      30.0   4.2134899372E-004
      40.0   4.1705099767E-004
      50.0   4.1824114236E-004
      60.0   4.1313100327E-004
      80.0   4.0494764405E-004
     100.0   3.9794650940E-004
     120.0   3.8701270700E-004
     140.0   3.8467843297E-004
     160.0   3.7965156377E-004
     180.0   3.7548248437E-004
     200.0   3.7307532157E-004
     220.0   3.7017914846E-004
     240.0   3.6706091782E-004
     260.0   3.6085225877E-004
     280.0   3.5454963727E-004
     300.0   3.4615122909E-004
     400.0   2.9055683378E-004
     500.0   2.4606378431E-004
    1000.0   1.6535638044E-004
