   -1000.0   3.6341306122E-005
    -500.0   3.6393228085E-005
    -400.0   3.6405056778E-005
    -300.0   3.6450619398E-005
    -280.0   3.6481652770E-005
    -260.0   3.6553732936E-005
    -240.0   3.6684437798E-005
    -220.0   3.6835553400E-005
    -200.0   3.6999195504E-005
    -180.0   3.7133929849E-005
    -160.0   3.7258012916E-005
    -140.0   3.7409589652E-005
    -120.0   3.7595078985E-005
    -100.0   3.7790936256E-005
     -80.0   3.7954340446E-005
     -60.0   3.8081156415E-005
     -50.0   3.8090206637E-005
     -40.0   3.7977093031E-005
     -30.0   3.7502746533E-005
     -20.0   3.3768762251E-005
     -10.0   3.2182002994E-005
       0.0   3.1180162796E-005
      10.0   3.0297257652E-005
      20.0   2.9806692619E-005
      30.0   3.1084297609E-005
      40.0   3.1456336773E-005
      50.0   3.1292144213E-005
      60.0   3.1311056086E-005
      80.0   3.1143616761E-005
     100.0   3.0327182842E-005
     120.0   2.8984799567E-005
     140.0   2.6130764138E-005
     160.0   2.3340978455E-005
     180.0   2.2907589042E-005
     200.0   2.3341036766E-005
     220.0   2.4023122695E-005
     240.0   2.5017467839E-005
     260.0   2.6151695590E-005
     280.0   2.7322347316E-005
     300.0   2.8774418092E-005
     400.0   3.5603189855E-005
     500.0   3.6210883570E-005
    1000.0   3.6607452516E-005
