   -1000.0   4.4490480349E-005
    -500.0   4.7116337720E-005
    -400.0   4.9163762565E-005
    -300.0   5.3924945160E-005
    -280.0   5.5647852575E-005
    -260.0   5.7867527457E-005
    -240.0   6.0804642249E-005
    -220.0   6.4826488607E-005
    -200.0   7.0562240179E-005
    -180.0   7.9112907678E-005
    -160.0   8.8057318953E-005
    -140.0   1.0248077505E-004
    -120.0   1.3224602035E-004
    -100.0   1.6312705122E-004
     -80.0   2.0076947110E-004
     -60.0   2.2510032971E-004
     -50.0   2.3626623934E-004
     -40.0   2.3402710454E-004
     -30.0   2.2384132397E-004
     -20.0   2.1530797656E-004
     -10.0   2.0543015012E-004
       0.0   1.8499578681E-004
      10.0   1.6695379393E-004
      20.0   1.7637586770E-004
      30.0   1.7287273350E-004
      40.0   1.7136682732E-004
      50.0   1.7112496773E-004
      60.0   1.7592141713E-004
      80.0   1.6306167961E-004
     100.0   1.4189485882E-004
     120.0   1.2063111031E-004
     140.0   1.0146980024E-004
     160.0   8.4144274785E-005
     180.0   7.2104758592E-005
     200.0   6.3353727870E-005
     220.0   5.6914266613E-005
     240.0   5.3508400147E-005
     260.0   5.1508623335E-005
     280.0   5.0953974335E-005
     300.0   5.1411703969E-005
     400.0   4.8667399497E-005
     500.0   4.6986312206E-005
    1000.0   4.4746768869E-005
