   -1000.0   4.2188089847E-004
    -500.0   5.0372661579E-004
    -400.0   5.3601508805E-004
    -300.0   5.8342422048E-004
    -280.0   5.8914088188E-004
    -260.0   5.9075611424E-004
    -240.0   5.8919489763E-004
    -220.0   5.9246861419E-004
    -200.0   5.9849560320E-004
    -180.0   6.0508763106E-004
    -160.0   6.1098957427E-004
    -140.0   5.8106829473E-004
    -120.0   5.5165664987E-004
    -100.0   5.5931413485E-004
     -80.0   5.6902986944E-004
     -60.0   5.6925447007E-004
     -50.0   5.6422062589E-004
     -40.0   5.5375577082E-004
     -30.0   5.2140437569E-004
     -20.0   4.7177556335E-004
     -10.0   4.6109396148E-004
       0.0   5.0620050124E-004
      10.0   5.4986789841E-004
      20.0   5.6740038563E-004
      30.0   5.7429434729E-004
      40.0   5.7661717565E-004
      50.0   5.8319281983E-004
      60.0   5.8162941662E-004
      80.0   5.8494865695E-004
     100.0   5.8595322885E-004
     120.0   5.8077502637E-004
     140.0   5.7912537775E-004
     160.0   5.7418252185E-004
     180.0   5.6830951606E-004
     200.0   5.5925999285E-004
     220.0   5.5534419353E-004
     240.0   5.4446176432E-004
     260.0   5.3867198378E-004
     280.0   5.3842923384E-004
     300.0   5.3933812316E-004
     400.0   5.3344761704E-004
     500.0   5.1559775800E-004
    1000.0   4.3140913046E-004
