   -1000.0   5.5621843033E-005
    -500.0   7.0094118703E-005
    -400.0   8.0910238090E-005
    -300.0   1.0415505362E-004
    -280.0   1.1195550408E-004
    -260.0   1.2156488472E-004
    -240.0   1.3354410372E-004
    -220.0   1.4866797458E-004
    -200.0   1.6796718438E-004
    -180.0   1.8840713250E-004
    -160.0   2.1387073617E-004
    -140.0   2.4967833049E-004
    -120.0   2.9124717974E-004
    -100.0   3.2946241251E-004
     -80.0   3.5117512726E-004
     -60.0   3.7970408502E-004
     -50.0   3.9318806730E-004
     -40.0   3.9841086608E-004
     -30.0   4.1958637665E-004
     -20.0   4.1736410312E-004
     -10.0   4.0648447450E-004
       0.0   3.6934105751E-004
      10.0   3.1798376644E-004
      20.0   3.1923249404E-004
      30.0   3.1955456343E-004
      40.0   3.1596995531E-004
      50.0   3.1977902099E-004
      60.0   3.1518633549E-004
      80.0   3.0937837877E-004
     100.0   2.9894649201E-004
     120.0   2.7403322295E-004
     140.0   2.3957952138E-004
     160.0   2.0456751967E-004
     180.0   1.7612426299E-004
     200.0   1.5447000301E-004
     220.0   1.3755564675E-004
     240.0   1.2460396117E-004
     260.0   1.1481231235E-004
     280.0   1.0686574816E-004
     300.0   1.0017877885E-004
     400.0   7.9448057770E-005
     500.0   6.9461965001E-005
    1000.0   5.5877412533E-005
