   -1000.0   5.6929650556E-005
    -500.0   8.2418414993E-005
    -400.0   9.6575409709E-005
    -300.0   1.1541012173E-004
    -280.0   1.1966816607E-004
    -260.0   1.2394241263E-004
    -240.0   1.2667081598E-004
    -220.0   1.2835633907E-004
    -200.0   1.3158379572E-004
    -180.0   1.3664697701E-004
    -160.0   1.4376037493E-004
    -140.0   1.5119543456E-004
    -120.0   1.5978846376E-004
    -100.0   1.6709482812E-004
     -80.0   1.7409449039E-004
     -60.0   1.8233872077E-004
     -50.0   1.8385311598E-004
     -40.0   1.8593276538E-004
     -30.0   1.8938508457E-004
     -20.0   1.9145827477E-004
     -10.0   1.8062871058E-004
       0.0   1.7186615293E-004
      10.0   1.6924983386E-004
      20.0   1.7103883442E-004
      30.0   1.6864423145E-004
      40.0   1.6846731800E-004
      50.0   1.6963592053E-004
      60.0   1.7082711283E-004
      80.0   1.7236343560E-004
     100.0   1.7076482067E-004
     120.0   1.6655882734E-004
     140.0   1.6134566520E-004
     160.0   1.5431612569E-004
     180.0   1.4751796928E-004
     200.0   1.4030069284E-004
     220.0   1.3304285207E-004
     240.0   1.2595103547E-004
     260.0   1.1956961939E-004
     280.0   1.1279660775E-004
     300.0   1.0745987995E-004
     400.0   8.7843847612E-005
     500.0   7.5276292883E-005
    1000.0   5.6166411052E-005
