   -1000.0   3.7496934893E-005
    -500.0   3.9734652652E-005
    -400.0   4.1664658499E-005
    -300.0   4.6867126000E-005
    -280.0   4.9028052764E-005
    -260.0   5.2045959246E-005
    -240.0   5.5422665095E-005
    -220.0   5.9797369486E-005
    -200.0   6.6128727298E-005
    -180.0   7.4147875151E-005
    -160.0   8.1910973106E-005
    -140.0   8.9996912289E-005
    -120.0   9.7431835114E-005
    -100.0   1.0681381912E-004
     -80.0   1.1583436172E-004
     -60.0   1.2619166742E-004
     -50.0   1.2982322892E-004
     -40.0   1.2859671761E-004
     -30.0   1.1404463066E-004
     -20.0   1.1375243068E-004
     -10.0   1.1623578196E-004
       0.0   1.1720235448E-004
      10.0   1.1544770140E-004
      20.0   1.1260172119E-004
      30.0   1.1618109488E-004
      40.0   1.1402024474E-004
      50.0   1.1150816694E-004
      60.0   1.0926065541E-004
      80.0   9.8004490223E-005
     100.0   8.6804895678E-005
     120.0   7.7209324427E-005
     140.0   6.8705972773E-005
     160.0   6.1420031993E-005
     180.0   5.4826495352E-005
     200.0   4.9182334041E-005
     220.0   4.4604907692E-005
     240.0   4.1270483695E-005
     260.0   3.8851464400E-005
     280.0   3.7444424576E-005
     300.0   3.6667256507E-005
     400.0   3.9087849303E-005
     500.0   3.8830488962E-005
    1000.0   3.7687034062E-005
