   -1000.0   2.9572388272E-004
    -500.0   3.8521733961E-004
    -400.0   4.2200362296E-004
    -300.0   4.6909591134E-004
    -280.0   4.7910224511E-004
    -260.0   4.8910443292E-004
    -240.0   4.9693290313E-004
    -220.0   5.0336643763E-004
    -200.0   5.0597508766E-004
    -180.0   5.1157204327E-004
    -160.0   5.1799159570E-004
    -140.0   4.9581226697E-004
    -120.0   4.7428708954E-004
    -100.0   4.8595727652E-004
     -80.0   4.9616894924E-004
     -60.0   4.9945459218E-004
     -50.0   4.9603721094E-004
     -40.0   4.8992618744E-004
     -30.0   4.7002145158E-004
     -20.0   4.2368243471E-004
     -10.0   4.1576665321E-004
       0.0   4.5678857033E-004
      10.0   4.8719407067E-004
      20.0   4.9810423959E-004
      30.0   5.0220601291E-004
      40.0   5.0180305571E-004
      50.0   5.0593981904E-004
      60.0   5.0425707061E-004
      80.0   5.0266307316E-004
     100.0   5.0111560256E-004
     120.0   4.9172023016E-004
     140.0   4.8759352630E-004
     160.0   4.7767968922E-004
     180.0   4.7147382555E-004
     200.0   4.6875701591E-004
     220.0   4.6605802966E-004
     240.0   4.6085580346E-004
     260.0   4.5992626754E-004
     280.0   4.5844389309E-004
     300.0   4.5509899396E-004
     400.0   4.3488660775E-004
     500.0   3.9746948769E-004
    1000.0   3.0051901691E-004
