   -1000.0   3.9415703169E-005
    -500.0   4.1869946794E-005
    -400.0   4.3862161487E-005
    -300.0   4.8768613525E-005
    -280.0   5.0645442465E-005
    -260.0   5.3148673526E-005
    -240.0   5.6591106479E-005
    -220.0   6.1527156567E-005
    -200.0   6.7806108545E-005
    -180.0   7.3940364893E-005
    -160.0   8.7528015413E-005
    -140.0   1.0190750604E-004
    -120.0   1.1947415848E-004
    -100.0   1.3588793156E-004
     -80.0   1.5314868015E-004
     -60.0   1.6869554210E-004
     -50.0   1.7178346416E-004
     -40.0   1.6999741195E-004
     -30.0   1.6972562700E-004
     -20.0   1.6644769947E-004
     -10.0   1.5637248609E-004
       0.0   1.4927080606E-004
      10.0   1.4048915361E-004
      20.0   1.3758157556E-004
      30.0   1.3839480794E-004
      40.0   1.3830049997E-004
      50.0   1.4098941663E-004
      60.0   1.4215087735E-004
      80.0   1.3116183120E-004
     100.0   1.1815699030E-004
     120.0   1.0393902276E-004
     140.0   9.0838568195E-005
     160.0   7.9369459660E-005
     180.0   6.8354614889E-005
     200.0   5.9191964084E-005
     220.0   5.2492969990E-005
     240.0   4.7584864497E-005
     260.0   4.4298344022E-005
     280.0   4.2566532069E-005
     300.0   4.1831827094E-005
     400.0   4.2700864517E-005
     500.0   4.1498900577E-005
    1000.0   3.9654950768E-005
