   -1000.0   2.3490727495E-004
    -500.0   2.9574302410E-004
    -400.0   3.2547403003E-004
    -300.0   3.6034240117E-004
    -280.0   3.6759978550E-004
    -260.0   3.7509437137E-004
    -240.0   3.8082675601E-004
    -220.0   3.8565765315E-004
    -200.0   3.8630057930E-004
    -180.0   3.7261645504E-004
    -160.0   3.6854799564E-004
    -140.0   3.7138763954E-004
    -120.0   3.7884750052E-004
    -100.0   3.8509747828E-004
     -80.0   3.8941810177E-004
     -60.0   3.9284472297E-004
     -50.0   3.9140486013E-004
     -40.0   3.8978711741E-004
     -30.0   3.8481115190E-004
     -20.0   3.6596434127E-004
     -10.0   3.1818422332E-004
       0.0   3.1331998571E-004
      10.0   3.4169685844E-004
      20.0   3.6263724408E-004
      30.0   3.6746382812E-004
      40.0   3.7294223194E-004
      50.0   3.7476079651E-004
      60.0   3.7888143637E-004
      80.0   3.7792721223E-004
     100.0   3.7647007900E-004
     120.0   3.7677473830E-004
     140.0   3.7362523816E-004
     160.0   3.7115575954E-004
     180.0   3.6890490458E-004
     200.0   3.6755679451E-004
     220.0   3.6673178745E-004
     240.0   3.6394992613E-004
     260.0   3.6129313806E-004
     280.0   3.5665191497E-004
     300.0   3.5066614955E-004
     400.0   3.1331820370E-004
     500.0   2.9006396571E-004
    1000.0   2.3742092128E-004
