   -1000.0   3.8726493210E-005
    -500.0   3.8815217496E-005
    -400.0   3.8847656469E-005
    -300.0   3.8915678263E-005
    -280.0   3.8941404805E-005
    -260.0   3.8976305034E-005
    -240.0   3.9026130579E-005
    -220.0   3.9102311298E-005
    -200.0   3.9231813446E-005
    -180.0   3.9502096734E-005
    -160.0   4.0248782482E-005
    -140.0   4.1109352187E-005
    -120.0   4.2003145082E-005
    -100.0   4.2870143635E-005
     -80.0   4.3692511236E-005
     -60.0   4.4817934567E-005
     -50.0   4.5546375587E-005
     -40.0   4.6678142391E-005
     -30.0   4.6701417870E-005
     -20.0   4.6048183497E-005
     -10.0   4.5049873650E-005
       0.0   4.3716278671E-005
      10.0   4.1763926146E-005
      20.0   4.0028609948E-005
      30.0   3.9124296997E-005
      40.0   3.8197409386E-005
      50.0   3.7036329955E-005
      60.0   3.6057859565E-005
      80.0   3.4726964505E-005
     100.0   3.4167987963E-005
     120.0   3.3646136352E-005
     140.0   3.3097461840E-005
     160.0   3.2922494694E-005
     180.0   3.2521837723E-005
     200.0   3.2250623897E-005
     220.0   3.1681601630E-005
     240.0   3.0381291461E-005
     260.0   3.0152943396E-005
     280.0   3.1077619046E-005
     300.0   3.2979442996E-005
     400.0   3.8645068853E-005
     500.0   3.8849275566E-005
    1000.0   3.9008358711E-005
