   -1000.0   9.1538374778E-005
    -500.0   1.4001476884E-004
    -400.0   1.7278051291E-004
    -300.0   2.3377873944E-004
    -280.0   2.5162292446E-004
    -260.0   2.7041141350E-004
    -240.0   2.9429758341E-004
    -220.0   3.1741307214E-004
    -200.0   3.4034537489E-004
    -180.0   3.6471195811E-004
    -160.0   3.8871346729E-004
    -140.0   4.1461867105E-004
    -120.0   4.3611943222E-004
    -100.0   4.5938936613E-004
     -80.0   4.3993827066E-004
     -60.0   4.0563968969E-004
     -50.0   4.0148813609E-004
     -40.0   3.9602360772E-004
     -30.0   4.3941133833E-004
     -20.0   4.7143669964E-004
     -10.0   4.7695026266E-004
       0.0   4.7536791816E-004
      10.0   4.7345618804E-004
      20.0   4.5031299866E-004
      30.0   4.3523471502E-004
      40.0   4.2589009256E-004
      50.0   4.0390856851E-004
      60.0   3.9943441905E-004
      80.0   4.0198193077E-004
     100.0   3.9272284572E-004
     120.0   3.8591402136E-004
     140.0   3.8183972341E-004
     160.0   3.7424872884E-004
     180.0   3.5833922337E-004
     200.0   3.3398032095E-004
     220.0   3.0928920435E-004
     240.0   2.8494892739E-004
     260.0   2.6063846677E-004
     280.0   2.4041799987E-004
     300.0   2.2298439520E-004
     400.0   1.6831469780E-004
     500.0   1.3794887441E-004
    1000.0   9.2008943629E-005
