   -1000.0   1.0532792159E-004
    -500.0   1.3494800051E-004
    -400.0   1.4921473761E-004
    -300.0   1.7129555421E-004
    -280.0   1.7688514056E-004
    -260.0   1.8202959558E-004
    -240.0   1.8464767204E-004
    -220.0   1.8697463111E-004
    -200.0   1.9105076189E-004
    -180.0   1.9560109935E-004
    -160.0   2.0315252283E-004
    -140.0   2.1150218667E-004
    -120.0   2.1913006449E-004
    -100.0   2.2187454895E-004
     -80.0   2.2445410552E-004
     -60.0   2.2718462646E-004
     -50.0   2.2798064518E-004
     -40.0   2.2922355141E-004
     -30.0   2.3111766139E-004
     -20.0   2.2847397543E-004
     -10.0   2.1203051686E-004
       0.0   1.8333871513E-004
      10.0   1.8418054893E-004
      20.0   1.9372316038E-004
      30.0   1.9852863852E-004
      40.0   1.9993522105E-004
      50.0   2.0381422249E-004
      60.0   2.0665508684E-004
      80.0   2.1084230258E-004
     100.0   2.1276876330E-004
     120.0   2.1293707015E-004
     140.0   2.1286190801E-004
     160.0   2.1132634670E-004
     180.0   2.0886026602E-004
     200.0   2.0602932088E-004
     220.0   2.0137909548E-004
     240.0   1.9694371453E-004
     260.0   1.9087033818E-004
     280.0   1.8405167486E-004
     300.0   1.7814876067E-004
     400.0   1.5080813762E-004
     500.0   1.3335114983E-004
    1000.0   1.0341561341E-004
