   -1000.0   1.8439651602E-004
    -500.0   2.7812407026E-004
    -400.0   3.2121618099E-004
    -300.0   3.8936106185E-004
    -280.0   4.0162938189E-004
    -260.0   4.1730986398E-004
    -240.0   4.3274366594E-004
    -220.0   4.4899647956E-004
    -200.0   4.6435023512E-004
    -180.0   4.7936738591E-004
    -160.0   4.9033423338E-004
    -140.0   5.0129519969E-004
    -120.0   5.0973977425E-004
    -100.0   4.7884459718E-004
     -80.0   4.6522688152E-004
     -60.0   4.7427636276E-004
     -50.0   4.7405737859E-004
     -40.0   4.6124919766E-004
     -30.0   4.2740720864E-004
     -20.0   4.3912135749E-004
     -10.0   4.8761836977E-004
       0.0   5.0833633741E-004
      10.0   5.1440104333E-004
      20.0   5.1026426611E-004
      30.0   5.0620461859E-004
      40.0   5.0104483345E-004
      50.0   5.0018116211E-004
      60.0   4.9509193956E-004
      80.0   4.7810770924E-004
     100.0   4.6556731725E-004
     120.0   4.5172809716E-004
     140.0   4.4498859480E-004
     160.0   4.4309464545E-004
     180.0   4.4325637114E-004
     200.0   4.4190668791E-004
     220.0   4.3768968280E-004
     240.0   4.3423350137E-004
     260.0   4.2685656607E-004
     280.0   4.2086776937E-004
     300.0   4.0549413340E-004
     400.0   3.2911815998E-004
     500.0   2.7957521850E-004
    1000.0   1.8526895140E-004
