   -1000.0   4.8605782827E-005
    -500.0   5.1359260337E-005
    -400.0   5.3456308565E-005
    -300.0   5.8177379451E-005
    -280.0   5.9836349505E-005
    -260.0   6.1937763968E-005
    -240.0   6.4658418181E-005
    -220.0   6.8275016441E-005
    -200.0   7.3242570486E-005
    -180.0   8.0359927443E-005
    -160.0   9.1109156629E-005
    -140.0   1.0831584897E-004
    -120.0   1.2334178155E-004
    -100.0   1.7364379603E-004
     -80.0   2.2981521846E-004
     -60.0   2.8754352084E-004
     -50.0   2.9569119916E-004
     -40.0   2.8987236872E-004
     -30.0   2.6850196952E-004
     -20.0   2.4773786548E-004
     -10.0   2.2542267540E-004
       0.0   2.1348453590E-004
      10.0   2.1235916546E-004
      20.0   2.1151264328E-004
      30.0   2.0566775787E-004
      40.0   2.0244505903E-004
      50.0   1.9725167591E-004
      60.0   1.9156562724E-004
      80.0   1.8531843005E-004
     100.0   1.5824429474E-004
     120.0   1.2519091599E-004
     140.0   9.9639752571E-005
     160.0   8.2752032663E-005
     180.0   7.2704084876E-005
     200.0   6.6588933844E-005
     220.0   6.2818643125E-005
     240.0   6.1992742605E-005
     260.0   6.0318568098E-005
     280.0   5.8741949936E-005
     300.0   5.7394322014E-005
     400.0   5.3269530428E-005
     500.0   5.1355541460E-005
    1000.0   4.8870127958E-005
