   -1000.0   3.6993407818E-005
    -500.0   3.7069493721E-005
    -400.0   3.7095059318E-005
    -300.0   3.7157552473E-005
    -280.0   3.7185873019E-005
    -260.0   3.7229406228E-005
    -240.0   3.7304737767E-005
    -220.0   3.7488131377E-005
    -200.0   3.7842767419E-005
    -180.0   3.8228679654E-005
    -160.0   3.8628812655E-005
    -140.0   3.8954189230E-005
    -120.0   3.9318461943E-005
    -100.0   3.9786245119E-005
     -80.0   4.0353124851E-005
     -60.0   4.0923480991E-005
     -50.0   4.1138053903E-005
     -40.0   4.1171403364E-005
     -30.0   3.8733311925E-005
     -20.0   3.7532136338E-005
     -10.0   3.6401793710E-005
       0.0   3.5251822069E-005
      10.0   3.3884470472E-005
      20.0   3.2784942065E-005
      30.0   3.3497888502E-005
      40.0   3.3437737588E-005
      50.0   3.3051100707E-005
      60.0   3.2829681788E-005
      80.0   3.2183423841E-005
     100.0   3.1808856370E-005
     120.0   3.1636130542E-005
     140.0   3.1250508181E-005
     160.0   3.0898133794E-005
     180.0   3.0481294720E-005
     200.0   2.9233760456E-005
     220.0   2.7735994122E-005
     240.0   2.7016594276E-005
     260.0   2.7041327186E-005
     280.0   2.7774862773E-005
     300.0   2.9200673984E-005
     400.0   3.6594263861E-005
     500.0   3.7016437502E-005
    1000.0   3.7271294898E-005
