   -1000.0   4.7678216883E-005
    -500.0   4.7775177687E-005
    -400.0   4.7812789761E-005
    -300.0   4.7884960701E-005
    -280.0   4.7909401263E-005
    -260.0   4.7940337195E-005
    -240.0   4.7980640044E-005
    -220.0   4.8034979348E-005
    -200.0   4.8111400063E-005
    -180.0   4.8224840711E-005
    -160.0   4.8405812782E-005
    -140.0   4.8726327270E-005
    -120.0   4.9402311327E-005
    -100.0   5.1887660609E-005
     -80.0   5.5671553635E-005
     -60.0   6.0335874364E-005
     -50.0   6.1394454690E-005
     -40.0   6.1558195156E-005
     -30.0   6.1030000020E-005
     -20.0   5.9840426832E-005
     -10.0   5.8228481589E-005
       0.0   5.6620171024E-005
      10.0   5.5378414417E-005
      20.0   5.2742117069E-005
      30.0   5.1985861345E-005
      40.0   5.0755117537E-005
      50.0   4.9606150800E-005
      60.0   4.7870893198E-005
      80.0   4.3653379952E-005
     100.0   4.1231444716E-005
     120.0   3.9960562269E-005
     140.0   3.9657606024E-005
     160.0   3.8015709474E-005
     180.0   3.8440013920E-005
     200.0   4.0678105018E-005
     220.0   4.3628512735E-005
     240.0   4.7062950675E-005
     260.0   4.7460804956E-005
     280.0   4.7626270339E-005
     300.0   4.7712405221E-005
     400.0   4.7845038748E-005
     500.0   4.7877807923E-005
    1000.0   4.7951380770E-005
