   -1000.0   4.0198158991E-004
    -500.0   4.5843079631E-004
    -400.0   4.8119569385E-004
    -300.0   5.0284336401E-004
    -280.0   5.0530647710E-004
    -260.0   5.0869595747E-004
    -240.0   5.1095121885E-004
    -220.0   5.1420907660E-004
    -200.0   5.1071168564E-004
    -180.0   4.9450426340E-004
    -160.0   4.8902392028E-004
    -140.0   4.8968832692E-004
    -120.0   4.9664126030E-004
    -100.0   5.0017025283E-004
     -80.0   5.0341432309E-004
     -60.0   5.0044695815E-004
     -50.0   4.9753724066E-004
     -40.0   4.9156691542E-004
     -30.0   4.7737793771E-004
     -20.0   4.2809329649E-004
     -10.0   3.8093020396E-004
       0.0   3.6900946479E-004
      10.0   4.0604861551E-004
      20.0   4.4823112816E-004
      30.0   4.6285940829E-004
      40.0   4.7387831553E-004
      50.0   4.7922684794E-004
      60.0   4.8689669317E-004
      80.0   4.9079509324E-004
     100.0   4.9252133690E-004
     120.0   4.9702651820E-004
     140.0   4.9614737780E-004
     160.0   4.9509982429E-004
     180.0   4.9601064275E-004
     200.0   4.9792731578E-004
     220.0   4.9840623650E-004
     240.0   4.9907520828E-004
     260.0   4.9815642432E-004
     280.0   4.9653786361E-004
     300.0   4.9742885586E-004
     400.0   4.6791496933E-004
     500.0   4.4176319344E-004
    1000.0   3.9006779540E-004
