   -1000.0   4.2120608932E-005
    -500.0   5.3855347475E-005
    -400.0   6.3349251883E-005
    -300.0   8.4418738390E-005
    -280.0   9.0056922457E-005
    -260.0   9.6972864083E-005
    -240.0   1.0627205384E-004
    -220.0   1.1588141048E-004
    -200.0   1.2556983586E-004
    -180.0   1.3205673840E-004
    -160.0   1.3997122465E-004
    -140.0   1.5223491600E-004
    -120.0   1.6564669906E-004
    -100.0   1.7791430703E-004
     -80.0   1.9087444268E-004
     -60.0   1.9759837374E-004
     -50.0   1.9835239547E-004
     -40.0   2.0165186088E-004
     -30.0   2.1234994789E-004
     -20.0   2.1315115095E-004
     -10.0   2.1319617414E-004
       0.0   2.1411588040E-004
      10.0   2.1552752861E-004
      20.0   2.0680684201E-004
      30.0   1.9220735575E-004
      40.0   1.9045062383E-004
      50.0   1.8853885746E-004
      60.0   1.8488830792E-004
      80.0   1.7668047072E-004
     100.0   1.6376762236E-004
     120.0   1.5001563785E-004
     140.0   1.3700155039E-004
     160.0   1.2353215264E-004
     180.0   1.1133269828E-004
     200.0   1.0046832719E-004
     220.0   9.1739589998E-005
     240.0   8.3695905238E-005
     260.0   7.6957151064E-005
     280.0   7.1416248426E-005
     300.0   6.6689976038E-005
     400.0   5.4608678420E-005
     500.0   4.9872424122E-005
    1000.0   4.1996224217E-005
