   -1000.0   3.9476245715E-005
    -500.0   4.8489328948E-005
    -400.0   5.5627110243E-005
    -300.0   7.0142595813E-005
    -280.0   7.4442489780E-005
    -260.0   7.8532553780E-005
    -240.0   8.2322197201E-005
    -220.0   8.5401109976E-005
    -200.0   8.9627303632E-005
    -180.0   9.4634644538E-005
    -160.0   1.0113837184E-004
    -140.0   1.0714911455E-004
    -120.0   1.1265055624E-004
    -100.0   1.1844621070E-004
     -80.0   1.2529764437E-004
     -60.0   1.3323253793E-004
     -50.0   1.3570365888E-004
     -40.0   1.3886071987E-004
     -30.0   1.4097865684E-004
     -20.0   1.4731302205E-004
     -10.0   1.4548413347E-004
       0.0   1.4354693983E-004
      10.0   1.4600756353E-004
      20.0   1.4645787711E-004
      30.0   1.4386648389E-004
      40.0   1.4242628362E-004
      50.0   1.4127841750E-004
      60.0   1.3784722173E-004
      80.0   1.2818778880E-004
     100.0   1.1896575768E-004
     120.0   1.0969831918E-004
     140.0   1.0068743153E-004
     160.0   9.1907569191E-005
     180.0   8.4931628157E-005
     200.0   7.9020878366E-005
     220.0   7.3610012924E-005
     240.0   6.8915032529E-005
     260.0   6.4553661639E-005
     280.0   6.0676850419E-005
     300.0   5.7487443606E-005
     400.0   4.7588432212E-005
     500.0   4.4322458281E-005
    1000.0   3.9280012219E-005
