   -1000.0   7.0191720937E-004
    -500.0   8.1897903712E-004
    -400.0   8.2226913598E-004
    -300.0   8.5438604176E-004
    -280.0   8.6551835625E-004
    -260.0   8.7473901346E-004
    -240.0   8.8296109956E-004
    -220.0   8.8925300222E-004
    -200.0   8.9566301415E-004
    -180.0   9.0006388482E-004
    -160.0   9.0487910931E-004
    -140.0   9.0909625979E-004
    -120.0   9.1085897021E-004
    -100.0   9.1301127619E-004
     -80.0   8.0710031903E-004
     -60.0   6.3879653735E-004
     -50.0   5.8334946709E-004
     -40.0   5.8181571062E-004
     -30.0   6.1539845473E-004
     -20.0   7.3853424698E-004
     -10.0   8.1145676708E-004
       0.0   8.2410973892E-004
      10.0   8.4032059502E-004
      20.0   8.4721802161E-004
      30.0   8.4536524218E-004
      40.0   8.4783921477E-004
      50.0   8.5213232662E-004
      60.0   8.5590273233E-004
      80.0   8.6061559885E-004
     100.0   8.6882004244E-004
     120.0   8.6415900982E-004
     140.0   8.6138855506E-004
     160.0   8.5892439830E-004
     180.0   8.5018609694E-004
     200.0   8.3804162035E-004
     220.0   8.2777774781E-004
     240.0   8.1638896833E-004
     260.0   8.1245225439E-004
     280.0   8.0727827165E-004
     300.0   8.1000617491E-004
     400.0   8.1719713244E-004
     500.0   8.1745458342E-004
    1000.0   7.0554381738E-004
