   -1000.0   5.4243152685E-004
    -500.0   5.9700199025E-004
    -400.0   6.3201864928E-004
    -300.0   6.6208405206E-004
    -280.0   6.6207538858E-004
    -260.0   6.6408635631E-004
    -240.0   6.6980786392E-004
    -220.0   6.7455796076E-004
    -200.0   6.7912588642E-004
    -180.0   6.8442633820E-004
    -160.0   6.8767657511E-004
    -140.0   6.5059609134E-004
    -120.0   6.1656643944E-004
    -100.0   6.2339565107E-004
     -80.0   6.3179375665E-004
     -60.0   6.2956763636E-004
     -50.0   6.2240775939E-004
     -40.0   6.0881172313E-004
     -30.0   5.6119887709E-004
     -20.0   5.1325356614E-004
     -10.0   5.0099871696E-004
       0.0   5.4329934520E-004
      10.0   6.0630305274E-004
      20.0   6.2623211701E-004
      30.0   6.3642221049E-004
      40.0   6.3876561872E-004
      50.0   6.4736044026E-004
      60.0   6.4715549336E-004
      80.0   6.5300577771E-004
     100.0   6.5614712724E-004
     120.0   6.5367702670E-004
     140.0   6.5483108306E-004
     160.0   6.5453507657E-004
     180.0   6.4935434110E-004
     200.0   6.4534445430E-004
     220.0   6.3659856858E-004
     240.0   6.2609998304E-004
     260.0   6.1520924094E-004
     280.0   6.1456295231E-004
     300.0   6.1300946126E-004
     400.0   6.0461718485E-004
     500.0   6.0292378205E-004
    1000.0   5.5704475501E-004
