   -1000.0   5.0975622718E-005
    -500.0   6.4832743983E-005
    -400.0   7.5378590322E-005
    -300.0   9.8519564605E-005
    -280.0   1.0637612362E-004
    -260.0   1.1607842188E-004
    -240.0   1.2818455755E-004
    -220.0   1.3971491201E-004
    -200.0   1.5196499230E-004
    -180.0   1.7186343759E-004
    -160.0   2.0100850987E-004
    -140.0   2.3283162009E-004
    -120.0   2.6555450467E-004
    -100.0   2.7701109980E-004
     -80.0   3.0516373091E-004
     -60.0   3.3255700862E-004
     -50.0   3.4708477373E-004
     -40.0   3.5457267517E-004
     -30.0   3.5775549924E-004
     -20.0   3.6421431632E-004
     -10.0   3.5788147599E-004
       0.0   3.3923505212E-004
      10.0   2.9737813848E-004
      20.0   2.7821487636E-004
      30.0   2.7512023444E-004
      40.0   2.8082423248E-004
      50.0   2.8609039862E-004
      60.0   2.9049636765E-004
      80.0   2.8082897699E-004
     100.0   2.6500930073E-004
     120.0   2.4450225944E-004
     140.0   2.1810086780E-004
     160.0   1.9271781010E-004
     180.0   1.6760009539E-004
     200.0   1.4665930398E-004
     220.0   1.2956230743E-004
     240.0   1.1630870748E-004
     260.0   1.0574512072E-004
     280.0   9.7423517544E-005
     300.0   9.1009861213E-005
     400.0   7.2936274855E-005
     500.0   6.3761248969E-005
    1000.0   5.1179605189E-005
