   -1000.0   3.1055395424E-004
    -500.0   3.8640569428E-004
    -400.0   4.1123639096E-004
    -300.0   4.4445759789E-004
    -280.0   4.4767421848E-004
    -260.0   4.5070061992E-004
    -240.0   4.5153425627E-004
    -220.0   4.5356815905E-004
    -200.0   4.5157499164E-004
    -180.0   4.3850748699E-004
    -160.0   4.3301296414E-004
    -140.0   4.3484696269E-004
    -120.0   4.4214248115E-004
    -100.0   4.4812764182E-004
     -80.0   4.5046636289E-004
     -60.0   4.5098567133E-004
     -50.0   4.4935508183E-004
     -40.0   4.4509405965E-004
     -30.0   4.3505432080E-004
     -20.0   4.0300752884E-004
     -10.0   3.5209743781E-004
       0.0   3.4254320267E-004
      10.0   3.7601425657E-004
      20.0   4.0711595357E-004
      30.0   4.1793690852E-004
      40.0   4.2709346005E-004
      50.0   4.3119861595E-004
      60.0   4.3730879206E-004
      80.0   4.3890986288E-004
     100.0   4.3999268391E-004
     120.0   4.4220964177E-004
     140.0   4.4035153189E-004
     160.0   4.3884913592E-004
     180.0   4.3882955547E-004
     200.0   4.3809652429E-004
     220.0   4.3941825032E-004
     240.0   4.3636022612E-004
     260.0   4.3385037386E-004
     280.0   4.3666374563E-004
     300.0   4.3670327897E-004
     400.0   3.9896303162E-004
     500.0   3.7756995716E-004
    1000.0   3.1804103918E-004
