   -1000.0   4.5164153833E-005
    -500.0   5.8192568694E-005
    -400.0   6.8408707364E-005
    -300.0   9.1338279839E-005
    -280.0   9.8843814279E-005
    -260.0   1.0555839360E-004
    -240.0   1.1334301703E-004
    -220.0   1.2416077359E-004
    -200.0   1.3983772748E-004
    -180.0   1.5890074634E-004
    -160.0   1.7960755952E-004
    -140.0   1.9436832365E-004
    -120.0   2.1044868208E-004
    -100.0   2.3525931587E-004
     -80.0   2.5294778841E-004
     -60.0   2.6317287316E-004
     -50.0   2.6979112546E-004
     -40.0   2.8304592704E-004
     -30.0   2.8774454775E-004
     -20.0   2.8877345853E-004
     -10.0   2.8949760030E-004
       0.0   2.8503810953E-004
      10.0   2.7207655605E-004
      20.0   2.4365354324E-004
      30.0   2.3104133874E-004
      40.0   2.3326944960E-004
      50.0   2.3935331866E-004
      60.0   2.4350248755E-004
      80.0   2.3726698067E-004
     100.0   2.2434606318E-004
     120.0   2.0683475913E-004
     140.0   1.8745300258E-004
     160.0   1.6678290839E-004
     180.0   1.4882259087E-004
     200.0   1.3198800392E-004
     220.0   1.1655231439E-004
     240.0   1.0425047457E-004
     260.0   9.4352950028E-005
     280.0   8.6445598822E-005
     300.0   8.0037417943E-005
     400.0   6.3886097930E-005
     500.0   5.6257237243E-005
    1000.0   4.5272636797E-005
