   -1000.0   2.1892155181E-004
    -500.0   2.6283259132E-004
    -400.0   2.7644529076E-004
    -300.0   2.9486595595E-004
    -280.0   3.0065289608E-004
    -260.0   3.0594629338E-004
    -240.0   3.0647018581E-004
    -220.0   3.0373404737E-004
    -200.0   3.0150772657E-004
    -180.0   3.0096454584E-004
    -160.0   3.0351752718E-004
    -140.0   3.0584655835E-004
    -120.0   3.0684502826E-004
    -100.0   3.0830052867E-004
     -80.0   3.0982564089E-004
     -60.0   3.1141541422E-004
     -50.0   3.1174977010E-004
     -40.0   3.1134063885E-004
     -30.0   3.0991395408E-004
     -20.0   2.9762869800E-004
     -10.0   2.5194473233E-004
       0.0   2.2600778636E-004
      10.0   2.2047289404E-004
      20.0   2.3966213564E-004
      30.0   2.5493415824E-004
      40.0   2.6485757484E-004
      50.0   2.7187859921E-004
      60.0   2.7922067640E-004
      80.0   2.8584052896E-004
     100.0   2.9155247967E-004
     120.0   2.9328672087E-004
     140.0   2.9677396834E-004
     160.0   2.9866002294E-004
     180.0   3.0039329411E-004
     200.0   3.0266240326E-004
     220.0   3.0444909903E-004
     240.0   3.0535276432E-004
     260.0   3.0518808661E-004
     280.0   3.0525665213E-004
     300.0   3.0451343981E-004
     400.0   2.8493992661E-004
     500.0   2.6745527881E-004
    1000.0   2.1827751369E-004
