   -1000.0   1.9794519232E-004
    -500.0   2.9906985474E-004
    -400.0   3.5584239314E-004
    -300.0   4.3157119684E-004
    -280.0   4.4365521641E-004
    -260.0   4.5867396296E-004
    -240.0   4.7293284535E-004
    -220.0   4.9349821674E-004
    -200.0   5.0820324539E-004
    -180.0   5.2061856703E-004
    -160.0   5.3908230863E-004
    -140.0   5.5926004920E-004
    -120.0   5.7791309566E-004
    -100.0   5.9569398087E-004
     -80.0   5.4333851061E-004
     -60.0   4.5864822890E-004
     -50.0   4.3156457158E-004
     -40.0   4.3092898868E-004
     -30.0   4.6902851048E-004
     -20.0   5.4507824251E-004
     -10.0   5.5907716834E-004
       0.0   5.6675934595E-004
      10.0   5.7528445459E-004
      20.0   5.6918631610E-004
      30.0   5.5758457689E-004
      40.0   5.5015855612E-004
      50.0   5.4244439354E-004
      60.0   5.3835143899E-004
      80.0   5.2844947325E-004
     100.0   5.1687544063E-004
     120.0   5.0386395330E-004
     140.0   4.9603669232E-004
     160.0   4.9241958402E-004
     180.0   4.8784063472E-004
     200.0   4.8483596894E-004
     220.0   4.8380929773E-004
     240.0   4.7802976110E-004
     260.0   4.6936547682E-004
     280.0   4.5502911214E-004
     300.0   4.3814396908E-004
     400.0   3.5312188116E-004
     500.0   2.9507761941E-004
    1000.0   1.9918317446E-004
